{"cells":[{"metadata":{},"cell_type":"markdown","source":"### Generate random letters from 4 states A B C D"},{"metadata":{"trusted":true},"cell_type":"code","source":"import random\ntokens = []\nLEN_STR = 50\nfor i in range(LEN_STR):\n    tokens.append(random.choice(\"ABCD\"))\nprint(tokens)\nLEN_TOKENS = len(\"ABCD\")","execution_count":8,"outputs":[{"output_type":"stream","text":"['C', 'D', 'B', 'A', 'B', 'A', 'A', 'D', 'C', 'B', 'A', 'A', 'D', 'A', 'B', 'B', 'A', 'C', 'C', 'C', 'C', 'B', 'A', 'B', 'C', 'A', 'A', 'D', 'B', 'A', 'D', 'B', 'A', 'A', 'A', 'A', 'B', 'A', 'D', 'B', 'C', 'C', 'A', 'B', 'D', 'D', 'D', 'B', 'A', 'A']\n","name":"stdout"}]},{"metadata":{"trusted":true},"cell_type":"code","source":"# Finding the relative values with ordinal values of ASCII characters\nrelative_value = [(ord(t) - ord('A')) for t in tokens]\n# print(T)\nprint(relative_value)","execution_count":9,"outputs":[{"output_type":"stream","text":"[2, 3, 1, 0, 1, 0, 0, 3, 2, 1, 0, 0, 3, 0, 1, 1, 0, 2, 2, 2, 2, 1, 0, 1, 2, 0, 0, 3, 1, 0, 3, 1, 0, 0, 0, 0, 1, 0, 3, 1, 2, 2, 0, 1, 3, 3, 3, 1, 0, 0]\n","name":"stdout"}]},{"metadata":{"trusted":true},"cell_type":"code","source":"#create Matrix of zeros\nm = [[0]*LEN_TOKENS for j in range(LEN_TOKENS)]\nprint(m)","execution_count":10,"outputs":[{"output_type":"stream","text":"[[0, 0, 0, 0], [0, 0, 0, 0], [0, 0, 0, 0], [0, 0, 0, 0]]\n","name":"stdout"}]},{"metadata":{"trusted":true},"cell_type":"code","source":"# Building the frequency table(matrix) from the given data\nfor (i,j) in zip(relative_value,relative_value[1:]):\n    m[i][j] += 1\nprint(zip(relative_value,relative_value[1:]))\nprint(m)","execution_count":11,"outputs":[{"output_type":"stream","text":"<zip object at 0x7efc6c466248>\n[[7, 5, 1, 5], [9, 1, 2, 1], [2, 2, 4, 1], [1, 5, 1, 2]]\n","name":"stdout"}]},{"metadata":{"trusted":true},"cell_type":"code","source":"# Finding the Probability\nfor state in m:\n    total = sum(state)\n    if total > 0:\n        state[:] = [float(f)/sum(state) for f in state]\nfor state in m:\n    print(state)","execution_count":12,"outputs":[{"output_type":"stream","text":"[0.3888888888888889, 0.2777777777777778, 0.05555555555555555, 0.2777777777777778]\n[0.6923076923076923, 0.07692307692307693, 0.15384615384615385, 0.07692307692307693]\n[0.2222222222222222, 0.2222222222222222, 0.4444444444444444, 0.1111111111111111]\n[0.1111111111111111, 0.5555555555555556, 0.1111111111111111, 0.2222222222222222]\n","name":"stdout"}]}],"metadata":{"kernelspec":{"name":"python3","display_name":"Python 3","language":"python"},"language_info":{"name":"python","version":"3.6.10","mimetype":"text/x-python","codemirror_mode":{"name":"ipython","version":3},"pygments_lexer":"ipython3","nbconvert_exporter":"python","file_extension":".py"}},"nbformat":4,"nbformat_minor":4}