{"cells":[{"metadata":{},"cell_type":"markdown","source":"### Generate random letters from 4 states A B C D"},{"metadata":{"trusted":true},"cell_type":"code","source":"import random\ntokens = []\nLEN_STR = 50\nfor i in range(LEN_STR):\n    tokens.append(random.choice(\"ABCD\"))\nprint(tokens)\nLEN_TOKENS = len(\"ABCD\")","execution_count":1,"outputs":[{"output_type":"stream","text":"['B', 'A', 'A', 'A', 'A', 'B', 'D', 'C', 'C', 'B', 'C', 'A', 'C', 'D', 'C', 'C', 'D', 'B', 'D', 'C', 'B', 'C', 'C', 'A', 'B', 'C', 'D', 'D', 'B', 'B', 'A', 'B', 'A', 'B', 'C', 'C', 'A', 'C', 'D', 'C', 'D', 'B', 'A', 'C', 'D', 'A', 'C', 'D', 'A', 'D']\n","name":"stdout"}]},{"metadata":{"trusted":true},"cell_type":"code","source":"# Finding the relative values with ordinal values of ASCII characters\nrelative_value = [(ord(t) - ord('A')) for t in tokens]\n# print(T)\nprint(relative_value)","execution_count":2,"outputs":[{"output_type":"stream","text":"[1, 0, 0, 0, 0, 1, 3, 2, 2, 1, 2, 0, 2, 3, 2, 2, 3, 1, 3, 2, 1, 2, 2, 0, 1, 2, 3, 3, 1, 1, 0, 1, 0, 1, 2, 2, 0, 2, 3, 2, 3, 1, 0, 2, 3, 0, 2, 3, 0, 3]\n","name":"stdout"}]},{"metadata":{"trusted":true},"cell_type":"code","source":"\n#create Matrix of zeros\nm = [[0]*LEN_TOKENS for j in range(LEN_TOKENS)]\nprint(m)\n","execution_count":3,"outputs":[{"output_type":"stream","text":"[[0, 0, 0, 0], [0, 0, 0, 0], [0, 0, 0, 0], [0, 0, 0, 0]]\n","name":"stdout"}]},{"metadata":{"trusted":true},"cell_type":"code","source":"# Building the frequency table(matrix) from the given data\nfor (i,j) in zip(relative_value,relative_value[1:]):\n    m[i][j] += 1\nprint(list(zip(relative_value,relative_value[1:])))\nprint(m)","execution_count":4,"outputs":[{"output_type":"stream","text":"[(1, 0), (0, 0), (0, 0), (0, 0), (0, 1), (1, 3), (3, 2), (2, 2), (2, 1), (1, 2), (2, 0), (0, 2), (2, 3), (3, 2), (2, 2), (2, 3), (3, 1), (1, 3), (3, 2), (2, 1), (1, 2), (2, 2), (2, 0), (0, 1), (1, 2), (2, 3), (3, 3), (3, 1), (1, 1), (1, 0), (0, 1), (1, 0), (0, 1), (1, 2), (2, 2), (2, 0), (0, 2), (2, 3), (3, 2), (2, 3), (3, 1), (1, 0), (0, 2), (2, 3), (3, 0), (0, 2), (2, 3), (3, 0), (0, 3)]\n[[3, 4, 4, 1], [4, 1, 4, 2], [3, 2, 4, 7], [2, 3, 4, 1]]\n","name":"stdout"}]},{"metadata":{"trusted":true},"cell_type":"code","source":"# Finding the Probability\nfor state in m:\n    total = sum(state)\n    if total > 0:\n        state[:] = [float(f)/sum(state) for f in state]\nfor state in m:\n    print(state)","execution_count":5,"outputs":[{"output_type":"stream","text":"[0.25, 0.3333333333333333, 0.3333333333333333, 0.08333333333333333]\n[0.36363636363636365, 0.09090909090909091, 0.36363636363636365, 0.18181818181818182]\n[0.1875, 0.125, 0.25, 0.4375]\n[0.2, 0.3, 0.4, 0.1]\n","name":"stdout"}]}],"metadata":{"kernelspec":{"name":"python3","display_name":"Python 3","language":"python"},"language_info":{"name":"python","version":"3.6.10","mimetype":"text/x-python","codemirror_mode":{"name":"ipython","version":3},"pygments_lexer":"ipython3","nbconvert_exporter":"python","file_extension":".py"}},"nbformat":4,"nbformat_minor":2}
